
Table 1: Descriptive Statistics for Miami Houses
=================================================================================
Statistic              N     Mean    St. Dev.   Min  Pctl(25) Pctl(75)     Max   
---------------------------------------------------------------------------------
AdjustedSqFt         3,503  2,082.2   1,426.0   331   1,274     2,379    18,006  
LotSize              3,503  7,657.8   4,401.4  1,250  5,500     8,025    80,664  
Bed                  3,503    3.0       1.1      0      2         4        13    
Bath                 3,503    2.1       1.3      0      1         3        12    
Stories              3,503    1.2       0.4      0      1         1         4    
commercialProperties 3,503   15.6      26.1      0      0        21        203   
age                  3,503   69.2      22.5      1      67       82        115   
distWater            3,503    1.1       1.3    0.000   0.1       1.6       5.4   
foodEstablishments   3,503    2.9       7.8      0      0         3        120   
cultureSpots         3,503   0.01       0.1      0      0         0         1    
busStops             3,503    2.2       2.3      0      0         4        13    
parkArea             3,503 318,639.1 664,530.2   0      0     272,049.5 4,625,338
timeToWork           3,503  2,347.2   1,200.6   476   1,480     3,037     5,962  
monthhousingcost     3,503  1,888.9    807.6    390   1,316     2,421     5,078  
pctVacant            3,503    0.2       0.1     0.0    0.1       0.2       0.5   
---------------------------------------------------------------------------------
